-0.0654    0.0394   -0.0654   -0.0394
   -0.0563    0.0516   -0.0563   -0.0516
   -0.0469    0.0603   -0.0469   -0.0603
   -0.0350    0.0679   -0.0350   -0.0679
   -0.0193    0.0739   -0.0193   -0.0739
         0    0.0764         0   -0.0764
    0.0193    0.0739    0.0193   -0.0739
    0.0350    0.0679    0.0350   -0.0679
    0.0469    0.0603    0.0469   -0.0603
    0.0563    0.0516    0.0563   -0.0516
    0.0654    0.0394    0.0654   -0.0394
    0.0394   -0.0654   -0.0394   -0.0654
    0.0516   -0.0563   -0.0516   -0.0563
    0.0603   -0.0469   -0.0603   -0.0469
    0.0679   -0.0350   -0.0679   -0.0350
    0.0739   -0.0193   -0.0739   -0.0193
    0.0764         0   -0.0764         0
    0.0739    0.0193   -0.0739    0.0193
    0.0679    0.0350   -0.0679    0.0350
    0.0603    0.0469   -0.0603    0.0469
    0.0516    0.0563   -0.0516    0.0563
    0.0394    0.0654   -0.0394    0.0654
