   -0.1000    0.0468   -0.1000   -0.0468
   -0.0800    0.0697   -0.0800   -0.0697
   -0.0600    0.0890   -0.0600   -0.0890
   -0.0400    0.1049   -0.0400   -0.1049
   -0.0200    0.1160   -0.0200   -0.1160
         0    0.1200         0   -0.1200
    0.0200    0.1160    0.0200   -0.1160
    0.0400    0.1049    0.0400   -0.1049
    0.0600    0.0890    0.0600   -0.0890
    0.0800    0.0697    0.0800   -0.0697
    0.1000    0.0468    0.1000   -0.0468
    0.0468   -0.1000   -0.0468   -0.1000
    0.0697   -0.0800   -0.0697   -0.0800
    0.0890   -0.0600   -0.0890   -0.0600
    0.1049   -0.0400   -0.1049   -0.0400
    0.1160   -0.0200   -0.1160   -0.0200
    0.1200         0   -0.1200         0
    0.1160    0.0200   -0.1160    0.0200
    0.1049    0.0400   -0.1049    0.0400
    0.0890    0.0600   -0.0890    0.0600
    0.0697    0.0800   -0.0697    0.0800
    0.0468    0.1000   -0.0468    0.1000
